%YAML:1.0
---
model_type: PINHOLE
camera_name: camera
image_width: 640
image_height: 400
distortion_parameters:
   k1: -0.2601986515257252
   k2: 0.04738145619425924
   p1: 0.0005300874704900122
   p2: -0.0029832991360086943
projection_parameters:
   fx: 300.8445089437808
   fy: 303.8646579380511
   cx: 330.9709299107674
   cy: 209.25700040308627
