%YAML:1.0
---
model_type: PINHOLE_FULL
camera_name: camera
image_width: 640
image_height: 400

distortion_parameters:
   k1: 0.5474525
   k2: 0.0209762
   k3: -0.0005390554
   k4: 0.9145521
   k5: 0.126819
   k6: -0.001503489
   p1: 0.0
   p2: 0.0
projection_parameters:
   fx: 301.1333
   fy: 301.5408
   cx: 318.2449
   cy: 201.2171
