%YAML:1.0


topic: "/camera_astra_1/rgb/image_raw"


image_width: 640
image_height: 480


camera_matrix:  !!opencv-matrix
  rows: 3
  cols: 3
  dt: d
  data: [525.198791, 0.000000, 326.440969,
         0.000000, 524.814446, 246.154586,
         0.000000, 0.000000, 1.000000]



distortion_coefficients:  !!opencv-matrix
  rows: 1
  cols: 5
  dt: d
  data: [0.057104, -0.165319, 0.000811, 0.000847, 0.000000]


rectification_matrix:     !!opencv-matrix
  rows: 3
  cols: 3
  dt: d
  data: [ 1.,  0.,  0.,
          0.,  1.,  0.,
          0.,  0.,  1.]
          
projection_matrix:          !!opencv-matrix
  rows: 3 
  cols: 4
  dt: d
  data: [524.220825, 0.000000, 327.298965, 0.000000,
         0.000000, 527.263245, 246.459395, 0.000000,
         0.000000, 0.000000, 1.000000, 0.000000]


#raw calibration data
# **** Calibrating ****
# D = [0.05710429887041067, -0.1653185608801525, 0.0008112633227006784, 0.0008473705059130914, 0.0]
# K = [525.1987909668086, 0.0, 326.44096892772563, 0.0, 524.8144459554984, 246.15458638149485, 0.0, 0.0, 1.0]
# R = [1.0, 0.0, 0.0, 0.0, 1.0, 0.0, 0.0, 0.0, 1.0]
# P = [524.2208251953125, 0.0, 327.29896544371877, 0.0, 0.0, 527.2632446289062, 246.45939462606293, 0.0, 0.0, 0.0, 1.0, 0.0]
# None
# # oST version 5.0 parameters


# [image]

# width
# 640

# height
# 480

# [narrow_stereo]

# camera matrix
# 525.198791 0.000000 326.440969
# 0.000000 524.814446 246.154586
# 0.000000 0.000000 1.000000

# distortion
# 0.057104 -0.165319 0.000811 0.000847 0.000000

# rectification
# 1.000000 0.000000 0.000000
# 0.000000 1.000000 0.000000
# 0.000000 0.000000 1.000000

# projection
# 524.220825 0.000000 327.298965 0.000000
# 0.000000 527.263245 246.459395 0.000000
# 0.000000 0.000000 1.000000 0.000000
