%YAML:1.0


topic: "/camera_astra_2/rgb/image_raw"

image_width: 640
image_height: 480


camera_matrix:  !!opencv-matrix
  rows: 3
  cols: 3
  dt: d
  data: [525.378144, 0.000000, 316.200390,
         0.000000, 525.838708, 243.747128,
         0.000000, 0.000000, 1.000000]

distortion_coefficients:  !!opencv-matrix
  rows: 1
  cols: 5
  dt: d
  data: [0.057464, -0.187659, -0.001022, -0.006077, 0.000000]


rectification_matrix:     !!opencv-matrix
  rows: 3
  cols: 3
  dt: d
  data: [ 1.,  0.,  0.,
          0.,  1.,  0.,
          0.,  0.,  1.]
          
projection_matrix:          !!opencv-matrix
  rows: 3 
  cols: 4
  dt: d
  data: [522.482849, 0.000000, 312.113446, 0.000000,
         0.000000, 528.547974, 243.442969, 0.000000,
         0.000000, 0.000000, 1.000000, 0.000000]
