%YAML:1.0
---
model_type: PINHOLE_FULL
camera_name: camera
image_width: 640
image_height: 400
distortion_parameters:
   k1: 0.010802007
   k2: -0.05798614
   k3: -2.0801082e-05
   k4: 1.4344047e-05
   k5: 0.0
   k6: 0.0
   p1: 0.0
   p2: 0.0
projection_parameters:
   fx: 356.80853
   fy: 356.07123
   cx: 313.91901
   cy: 200.93849
